0.00100000
0.00112200
0.00125890
0.00141250
0.00158490
0.00177830
0.00199530
0.00223870
0.00251190
0.00281840
0.00316230
0.00354810
0.00398110
0.00446680
0.00501190
0.00562340
0.00630960
0.00707950
0.00794330
0.00891250
0.01000000
0.0112202
0.0125893
0.0141254
0.0158489
0.0177828
0.0199526
0.0223872
0.0251189
0.0281838
0.0316228
0.0354813
0.0398107
0.0446684
0.0501187
0.0562341
0.0630957
0.0707946
0.0794328
0.0891251
0.100000
0.112202
0.125893
0.141254
0.158489
0.177828
0.199526
0.223872
0.251189
0.281838
0.316228
0.354813
0.398107
0.446684
0.501187
0.562341
0.630957
0.707946
0.794328
0.891251
1.00000
1.12202
1.25893
1.41254
1.58489
1.77828
1.99526
2.23872
2.51189
2.81838
3.16228
3.54813
3.98107
4.46684
5.01187
5.62341
6.30957
7.07946
7.94328
8.91251
10.0000
11.2202
12.5893
14.1254
15.8489
17.7828
19.9526
22.3872
25.1189
28.1838
31.6228
35.4813
39.8107
44.6684
50.1187
56.2341
63.0957
70.7946
79.4328
89.1251
100.000
112.202
125.893
141.254
158.489
177.828
199.526
223.872
251.189
281.838
316.228
354.813
398.107
446.684
501.187
562.341
630.957
707.946
794.328
891.251
1000.00
