   0.00100000
   0.00101550
   0.00103120
   0.00104710
   0.00106330
   0.00107980
   0.00109650
   0.00111340
   0.00113070
   0.00114810
   0.00116590
   0.00118390
   0.00120230
   0.00122090
   0.00123970
   0.00125890
   0.00127840
   0.00129820
   0.00131830
   0.00133870
   0.00135940
   0.00138040
   0.00140170
   0.00142340
   0.00144540
   0.00146780
   0.00149050
   0.00151360
   0.00153700
   0.00156070
   0.00158490
   0.00160940
   0.00163430
   0.00165960
   0.00168530
   0.00171130
   0.00173780
   0.00176470
   0.00179200
   0.00181970
   0.00184790
   0.00187640
   0.00190550
   0.00193490
   0.00196490
   0.00199530
   0.00202610
   0.00205750
   0.00208930
   0.00212160
   0.00215440
   0.00218780
   0.00222160
   0.00225600
   0.00229090
   0.00232630
   0.00236230
   0.00239880
   0.00243590
   0.00247360
   0.00251190
   0.00255070
   0.00259020
   0.00263030
   0.00267100
   0.00271230
   0.00275420
   0.00279680
   0.00284010
   0.00288400
   0.00292860
   0.00297400
   0.00301990
   0.00306670
   0.00311410
   0.00316230
   0.00321120
   0.00326090
   0.00331130
   0.00336250
   0.00341460
   0.00346740
   0.00352100
   0.00357550
   0.00363080
   0.00368700
   0.00374400
   0.00380190
   0.00386070
   0.00392040
   0.00398110
   0.00404270
   0.00410520
   0.00416870
   0.00423320
   0.00429870
   0.00436520
   0.00443270
   0.00450130
   0.00457090
   0.00464160
   0.00471340
   0.00478630
   0.00486030
   0.00493550
   0.00501190
   0.00508940
   0.00516810
   0.00524810
   0.00532930
   0.00541170
   0.00549540
   0.00558040
   0.00566670
   0.00575440
   0.00584340
   0.00593380
   0.00602560
   0.00611880
   0.00621350
   0.00630960
   0.00640720
   0.00650630
   0.00660690
   0.00670910
   0.00681290
   0.00691830
   0.00702530
   0.00713400
   0.00724440
   0.00735640
   0.00747020
   0.00758580
   0.00770310
   0.00782230
   0.00794330
   0.00806620
   0.00819090
   0.00831760
   0.00844630
   0.00857700
   0.00870960
   0.00884440
   0.00898120
   0.00912010
   0.00926120
   0.00940440
   0.00954990
   0.00969760
   0.00984770
   0.01000000
    0.0101550
    0.0103120
    0.0104710
    0.0106330
    0.0107980
    0.0109650
    0.0111340
    0.0113070
    0.0114820
    0.0116590
    0.0118390
    0.0120230
    0.0122090
    0.0123970
    0.0125890
    0.0127840
    0.0129820
    0.0131830
    0.0133870
    0.0135940
    0.0138040
    0.0140170
    0.0142340
    0.0144540
    0.0146780
    0.0149050
    0.0151360
    0.0153700
    0.0156080
    0.0158490
    0.0160940
    0.0163430
    0.0165960
    0.0168530
    0.0171130
    0.0173780
    0.0176470
    0.0179200
    0.0181970
    0.0184780
    0.0187640
    0.0190550
    0.0193490
    0.0196490
    0.0199530
    0.0202610
    0.0205750
    0.0208930
    0.0212160
    0.0215440
    0.0218780
    0.0222160
    0.0225600
    0.0229090
    0.0232630
    0.0236230
    0.0239880
    0.0243590
    0.0247360
    0.0251190
    0.0255070
    0.0259020
    0.0263030
    0.0267100
    0.0271230
    0.0275420
    0.0279680
    0.0284010
    0.0288400
    0.0292860
    0.0297390
    0.0301990
    0.0306670
    0.0311410
    0.0316230
    0.0321120
    0.0326090
    0.0331130
    0.0336250
    0.0341460
    0.0346740
    0.0352100
    0.0357550
    0.0363080
    0.0368690
    0.0374400
    0.0380190
    0.0386070
    0.0392040
    0.0398110
    0.0404270
    0.0410520
    0.0416870
    0.0423320
    0.0429870
    0.0436520
    0.0443270
    0.0450130
    0.0457090
    0.0464160
    0.0471340
    0.0478630
    0.0486030
    0.0493550
    0.0501190
    0.0508940
    0.0516810
    0.0524810
    0.0532930
    0.0541170
    0.0549540
    0.0558040
    0.0566670
    0.0575440
    0.0584340
    0.0593380
    0.0602560
    0.0611880
    0.0621350
    0.0630960
    0.0640720
    0.0650630
    0.0660690
    0.0670910
    0.0681290
    0.0691830
    0.0702530
    0.0713400
    0.0724440
    0.0735640
    0.0747020
    0.0758580
    0.0770310
    0.0782230
    0.0794330
    0.0806620
    0.0819090
    0.0831760
    0.0844630
    0.0857700
    0.0870960
    0.0884440
    0.0898120
    0.0912010
    0.0926120
    0.0940440
    0.0954990
    0.0969760
    0.0984770
     0.100000
     0.101550
     0.103120
     0.104710
     0.106330
     0.107980
     0.109650
     0.111340
     0.113070
     0.114810
     0.116590
     0.118400
     0.120230
     0.122090
     0.123980
     0.125890
     0.127840
     0.129820
     0.131830
     0.133860
     0.135940
     0.138040
     0.140170
     0.142340
     0.144540
     0.146780
     0.149050
     0.151360
     0.153700
     0.156080
     0.158490
     0.160940
     0.163430
     0.165960
     0.168530
     0.171130
     0.173780
     0.176470
     0.179200
     0.181970
     0.184780
     0.187640
     0.190550
     0.193490
     0.196490
     0.199530
     0.202610
     0.205750
     0.208930
     0.212160
     0.215440
     0.218780
     0.222160
     0.225600
     0.229090
     0.232630
     0.236230
     0.239880
     0.243590
     0.247360
     0.251190
     0.255070
     0.259020
     0.263030
     0.267100
     0.271230
     0.275420
     0.279680
     0.284010
     0.288400
     0.292860
     0.297390
     0.302000
     0.306670
     0.311410
     0.316230
     0.321120
     0.326090
     0.331130
     0.336250
     0.341460
     0.346740
     0.352100
     0.357550
     0.363080
     0.368690
     0.374400
     0.380190
     0.386070
     0.392040
     0.398110
     0.404270
     0.410520
     0.416870
     0.423320
     0.429870
     0.436520
     0.443270
     0.450130
     0.457090
     0.464160
     0.471340
     0.478630
     0.486030
     0.493550
     0.501190
     0.508940
     0.516810
     0.524810
     0.532930
     0.541170
     0.549540
     0.558040
     0.566670
     0.575440
     0.584340
     0.593380
     0.602560
     0.611880
     0.621350
     0.630960
     0.640720
     0.650630
     0.660690
     0.670910
     0.681290
     0.691830
     0.702530
     0.713400
     0.724440
     0.735640
     0.747020
     0.758580
     0.770310
     0.782230
     0.794330
     0.806620
     0.819090
     0.831760
     0.844630
     0.857700
     0.870960
     0.884440
     0.898120
     0.912010
     0.926120
     0.940450
     0.954990
     0.969770
     0.984770
      1.00000
      1.01550
      1.03120
      1.04710
      1.06330
      1.07980
      1.09650
      1.11340
      1.13070
      1.14810
      1.16590
      1.18390
      1.20230
      1.22090
      1.23980
      1.25890
      1.27840
      1.29820
      1.31830
      1.33860
      1.35940
      1.38040
      1.40170
      1.42340
      1.44540
      1.46780
      1.49050
      1.51360
      1.53700
      1.56080
      1.58490
      1.60940
      1.63430
      1.65960
      1.68530
      1.71130
      1.73780
      1.76470
      1.79200
      1.81970
      1.84780
      1.87640
      1.90550
      1.93490
      1.96490
      1.99530
      2.02610
      2.05750
      2.08930
      2.12160
      2.15440
      2.18780
      2.22160
      2.25600
      2.29090
      2.32630
      2.36230
      2.39880
      2.43590
      2.47360
      2.51190
      2.55070
      2.59020
      2.63030
      2.67100
      2.71230
      2.75420
      2.79680
      2.84010
      2.88400
      2.92860
      2.97390
      3.01990
      3.06670
      3.11410
      3.16230
      3.21120
      3.26090
      3.31130
      3.36250
      3.41460
      3.46740
      3.52100
      3.57550
      3.63080
      3.68690
      3.74400
      3.80190
      3.86070
      3.92040
      3.98110
      4.04270
      4.10520
      4.16870
      4.23320
      4.29870
      4.36520
      4.43270
      4.50120
      4.57090
      4.64160
      4.71340
      4.78630
      4.86030
      4.93550
      5.01190
      5.08940
      5.16810
      5.24810
      5.32930
      5.41170
      5.49540
      5.58040
      5.66670
      5.75440
      5.84340
      5.93380
      6.02560
      6.11880
      6.21350
      6.30960
      6.40720
      6.50630
      6.60690
      6.70910
      6.81290
      6.91830
      7.02530
      7.13400
      7.24440
      7.35640
      7.47020
      7.58580
      7.70310
      7.82230
      7.94330
      8.06620
      8.19090
      8.31760
      8.44630
      8.57700
      8.70960
      8.84440
      8.98120
      9.12010
      9.26120
      9.40450
      9.54990
      9.69760
      9.84770
      10.0000
      10.1550
      10.3120
      10.4710
      10.6330
      10.7980
      10.9650
      11.1340
      11.3070
      11.4810
      11.6590
      11.8400
      12.0230
      12.2090
      12.3980
      12.5890
      12.7840
      12.9820
      13.1830
      13.3870
      13.5940
      13.8040
      14.0170
      14.2340
      14.4540
      14.6780
      14.9050
      15.1360
      15.3700
      15.6080
      15.8490
      16.0940
      16.3430
      16.5960
      16.8530
      17.1130
      17.3780
      17.6470
      17.9200
      18.1970
      18.4790
      18.7640
      19.0550
      19.3490
      19.6490
      19.9530
      20.2610
      20.5750
      20.8930
      21.2160
      21.5440
      21.8780
      22.2160
      22.5600
      22.9090
      23.2630
      23.6230
      23.9880
      24.3590
      24.7360
      25.1190
      25.5070
      25.9020
      26.3030
      26.7100
      27.1230
      27.5420
      27.9680
      28.4010
      28.8400
      29.2860
      29.7400
      30.1990
      30.6670
      31.1410
      31.6230
      32.1120
      32.6090
      33.1130
      33.6250
      34.1460
      34.6740
      35.2100
      35.7550
      36.3080
      36.8690
      37.4400
      38.0190
      38.6070
      39.2040
      39.8110
      40.4270
      41.0520
      41.6870
      42.3320
      42.9870
      43.6520
      44.3270
      45.0130
      45.7090
      46.4160
      47.1340
      47.8630
      48.6030
      49.3550
      50.1190
      50.8940
      51.6810
      52.4810
      53.2930
      54.1170
      54.9540
      55.8040
      56.6670
      57.5440
      58.4340
      59.3380
      60.2560
      61.1880
      62.1350
      63.0960
      64.0720
      65.0630
      66.0690
      67.0910
      68.1290
      69.1830
      70.2530
      71.3400
      72.4440
      73.5640
      74.7020
      75.8580
      77.0310
      78.2230
      79.4330
      80.6620
      81.9090
      83.1760
      84.4630
      85.7700
      87.0960
      88.4440
      89.8120
      91.2010
      92.6120
      94.0450
      95.4990
      96.9770
      98.4770
      100.000
      101.550
      103.120
      104.710
      106.330
      107.980
      109.650
      111.340
      113.070
      114.820
      116.590
      118.390
      120.230
      122.090
      123.970
      125.890
      127.840
      129.820
      131.830
      133.870
      135.940
      138.040
      140.170
      142.340
      144.540
      146.780
      149.050
      151.360
      153.700
      156.070
      158.490
      160.940
      163.430
      165.960
      168.530
      171.130
      173.780
      176.470
      179.200
      181.970
      184.790
      187.640
      190.550
      193.490
      196.490
      199.530
      202.610
      205.750
      208.930
      212.160
      215.440
      218.780
      222.160
      225.600
      229.090
      232.630
      236.230
      239.880
      243.590
      247.360
      251.190
      255.070
      259.020
      263.030
      267.100
      271.230
      275.420
      279.680
      284.010
      288.400
      292.860
      297.390
      301.990
      306.670
      311.410
      316.230
      321.120
      326.090
      331.130
      336.250
      341.450
      346.740
      352.100
      357.550
      363.080
      368.700
      374.400
      380.190
      386.070
      392.040
      398.110
      404.270
      410.520
      416.870
      423.320
      429.870
      436.520
      443.270
      450.120
      457.090
      464.160
      471.340
      478.630
      486.030
      493.550
      501.190
      508.940
      516.810
      524.810
      532.930
      541.170
      549.540
      558.040
      566.670
      575.440
      584.340
      593.380
      602.560
      611.880
      621.350
      630.960
      640.720
      650.630
      660.690
      670.910
      681.290
      691.830
      702.530
      713.400
      724.440
      735.640
      747.020
      758.580
      770.310
      782.230
      794.330
      806.620
      819.090
      831.760
      844.630
      857.700
      870.960
      884.440
      898.120
      912.010
      926.120
      940.450
      954.990
      969.770
      984.770
      1000.00
      1015.50
      1031.20
      1047.10
      1063.30
      1079.80
      1096.50
      1113.40
      1130.70
      1148.20
      1165.90
      1183.90
      1202.30
      1220.90
      1239.80
      1258.90
      1278.40
      1298.20
      1318.30
      1338.70
      1359.40
      1380.40
      1401.70
      1423.40
      1445.40
      1467.80
      1490.50
      1513.60
      1537.00
      1560.80
      1584.90
      1609.40
      1634.30
      1659.60
      1685.30
      1711.30
      1737.80
      1764.70
      1792.00
      1819.70
      1847.80
      1876.40
      1905.50
      1934.90
      1964.90
      1995.30
      2026.10
      2057.50
      2089.30
      2121.60
      2154.40
      2187.80
      2221.60
      2256.00
      2290.90
      2326.30
      2362.30
      2398.80
      2435.90
      2473.60
      2511.90
      2550.70
      2590.20
      2630.30
      2671.00
      2712.30
      2754.20
      2796.80
      2840.10
      2884.00
      2928.60
      2973.90
      3019.90
      3066.70
      3114.10
      3162.30
      3211.20
      3260.90
      3311.30
      3362.50
      3414.60
      3467.40
      3521.00
      3575.50
      3630.80
      3686.90
      3744.00
      3801.90
      3860.70
      3920.40
      3981.10
      4042.70
      4105.20
      4168.70
      4233.20
      4298.70
      4365.20
      4432.70
      4501.20
      4570.90
      4641.60
      4713.40
      4786.30
      4860.30
      4935.50
      5011.90
      5089.40
      5168.10
      5248.10
      5329.30
      5411.70
      5495.40
      5580.40
      5666.70
      5754.40
      5843.40
      5933.80
      6025.60
      6118.80
      6213.50
      6309.60
      6407.20
      6506.30
      6606.90
      6709.10
      6812.90
      6918.30
      7025.30
      7134.00
      7244.40
      7356.40
      7470.20
      7585.80
      7703.10
      7822.30
      7943.30
      8066.20
      8190.90
      8317.60
      8446.30
      8577.00
      8709.60
      8844.40
      8981.20
      9120.10
      9261.20
      9404.50
      9549.90
      9697.70
      9847.70
      10000.0
      10155.0
      10312.0
      10471.0
      10633.0
      10798.0
      10965.0
      11134.0
      11307.0
      11482.0
      11659.0
      11840.0
      12023.0
      12209.0
      12398.0
      12589.0
      12784.0
      12982.0
      13183.0
      13386.0
      13594.0
      13804.0
      14017.0
      14234.0
      14454.0
      14678.0
      14905.0
      15136.0
      15370.0
      15608.0
      15849.0
      16094.0
      16343.0
      16596.0
      16853.0
      17113.0
      17378.0
      17647.0
      17920.0
      18197.0
      18478.0
      18764.0
      19055.0
      19349.0
      19649.0
      19953.0
      20261.0
      20575.0
      20893.0
      21216.0
      21544.0
      21878.0
      22216.0
      22560.0
      22909.0
      23263.0
      23623.0
      23988.0
      24359.0
      24736.0
      25119.0
      25507.0
      25902.0
      26303.0
      26710.0
      27123.0
      27542.0
      27968.0
      28401.0
      28840.0
      29286.0
      29740.0
      30200.0
      30667.0
      31141.0
      31623.0
      32112.0
      32609.0
      33113.0
      33625.0
      34146.0
      34674.0
      35210.0
      35755.0
      36308.0
      36870.0
      37440.0
      38019.0
      38607.0
      39204.0
      39811.0
      40427.0
      41052.0
      41687.0
      42332.0
      42987.0
      43652.0
      44327.0
      45012.0
      45709.0
      46416.0
      47134.0
      47863.0
      48603.0
      49355.0
      50119.0
      50894.0
      51681.0
      52481.0
      53293.0
      54117.0
      54954.0
      55804.0
      56667.0
      57544.0
      58434.0
      59338.0
      60256.0
      61188.0
      62135.0
      63096.0
      64072.0
      65063.0
      66069.0
      67091.0
      68129.0
      69183.0
      70253.0
      71340.0
      72444.0
      73564.0
      74702.0
      75858.0
      77031.0
      78223.0
      79433.0
      80662.0
      81909.0
      83176.0
      84463.0
      85770.0
      87096.0
      88444.0
      89812.0
      91201.0
      92612.0
      94044.0
      95499.0
      96976.0
      98477.0
      100000.
